4
31
0 37 21
0 56 31
0 84 24
0 104 34
0 116 25
0 136 28
0 175 25
0 219 35
0 235 30
0 267 45
0 298 32
0 324 29
0 339 59
0 362 37
0 436 22
0 516 32
0 565 16
0 624 34
0 637 47
0 646 25
0 657 37
0 673 52
0 784 72
0 823 51
0 865 71
0 905 55
0 941 27
0 954 38
0 974 27
0 988 48
0 1002 36
24
1 33 129
1 110 162
1 130 152
1 163 132
1 185 148
1 206 159
1 236 152
1 265 192
1 288 157
1 307 150
1 398 172
1 415 139
1 440 170
1 464 158
1 513 141
1 548 129
1 669 174
1 696 141
1 719 156
1 770 149
1 823 139
1 859 170
1 913 196
1 1013 153
22
2 44 283
2 84 227
2 99 237
2 131 229
2 141 277
2 169 276
2 226 257
2 281 257
2 313 257
2 372 236
2 488 279
2 519 242
2 559 246
2 606 236
2 635 253
2 669 247
2 703 253
2 746 251
2 788 262
2 813 255
2 914 249
2 968 273
0
19
1,288,157,307,150
2,914,249,968,273
0,865,71,905,55
1,913,196,1013,153
1,130,152,163,132
1,33,129,110,162
0,823,51,865,71
2,44,283,84,227
2,372,236,488,279
2,141,277,169,276
1,548,129,669,174
1,307,150,398,172
2,169,276,226,257
2,99,237,131,229
0,673,52,784,72
0,784,72,823,51
2,813,255,914,249
2,488,279,519,242
2,84,227,99,237
